-inf
-70655.202258
-70298.927075
-70166.304664
-70079.613471
-70005.259158
-69941.341776
-69892.213852
-69855.290170
-69823.114682
-69792.966413
-69765.130285
-69738.353878
-69710.380055
-69680.210746
-69650.995129
-69626.330914
-69606.580586
-69590.599034
-69577.128005
-69565.449040
-69555.165021
-69545.922421
-69537.486388
-69529.949607
-69523.546014
-69518.258258
-69513.866463
-69510.145674
-69506.923663
-69504.071664
-69501.491426
-69499.107657
-69496.863904
-69494.720461
-69492.653473
-69490.654272
-69488.727803
-69486.889071
-69485.157171
-69483.547741
-69482.066464
-69480.706788
-69479.453051
-69478.287008
-69477.194076
-69476.166302
-69475.201395
-69474.299493
-69473.460000
-69472.679798
-69471.952905
-69471.271079
-69470.624766
-69470.003876
-69469.398090
-69468.796685
-69468.188232
-69467.560998
-69466.905496
-69466.220470
-69465.520144
-69464.833649
-69464.188812
-69463.592686
-69463.029988
-69462.475900
-69461.905932
-69461.298513
-69460.634962
-69459.899500
-69459.077534
-69458.147094
-69457.057997
-69455.703558
-69453.937391
-69451.782179
-69449.734318
-69448.359208
-69447.626608
-69447.234349
-69446.995147
-69446.831297
-69446.709559
-69446.612711
-69446.529728
-69446.451833
-69446.370266
-69446.274342
-69446.149048
-69445.971407
-69445.704480
-69445.287348
-69444.620034
-69443.551188
-69441.919381
-69439.775834
-69437.648524
-69436.075002
-69435.024607
-69434.265723
-69433.666518
-69433.174980
-69432.767358
-69432.426435
-69432.137324
-69431.888148
-69431.670269
-69431.477596
-69431.305726
-69431.151281
-69431.011525
-69430.884171
-69430.767310
-69430.659411
-69430.559321
-69430.466262
-69430.379797
-69430.299759
-69430.226164
-69430.159106
-69430.098660
-69430.044804
-69429.997377
-69429.956071
-69429.920446
-69429.889972
-69429.864072
-69429.842159
-69429.823671
-69429.808090
-69429.794955
-69429.783864
-69429.774476
-69429.766501
-69429.759700
-69429.753873
-69429.748856
-69429.744514
-69429.740737
-69429.737435
-69429.734531
-69429.731965
-69429.729684
-69429.727646
-69429.725814
-69429.724155
-69429.722642
-69429.721247
-69429.719944
-69429.718705
-69429.717497
-69429.716282
-69429.715009
-69429.713610
-69429.711991
-69429.710021
-69429.707509
-69429.704185
-69429.699654
-69429.693342
-69429.684409
-69429.671615
-69429.653112
-69429.626118
-69429.586372
-69429.527197
-69429.437815
-69429.300179
-69429.082757
-69428.728379
-69428.133591
-69427.136886
-69425.623907
-69423.845875
-69422.314211
-69421.127809
-69420.094291
-69419.086155
-69418.068468
-69417.055336
-69416.081928
-69415.183691
-69414.382644
-69413.684778
-69413.085259
-69412.574636
-69412.142545
-69411.779089
-69411.475120
-69411.222229
-69411.012746
-69410.839766
-69410.697184
-69410.579698
-69410.482783
-69410.402638
-69410.336113
-69410.280620
-69410.234058
-69410.194724
-69410.161249
-69410.132532
-69410.107690
-69410.086012
-69410.066929
-69410.049979
-69410.034790
-69410.021059
-69410.008539
-69409.997027
-69409.986356
-69409.976388
-69409.967010
-69409.958124
-69409.949651
-69409.941523
-69409.933684
-69409.926086
-69409.918688
-69409.911455
-69409.904360
-69409.897378
-69409.890489
-69409.883677
-69409.876926
-69409.870228
-69409.863573
-69409.856956
-69409.850371
-69409.843817
-69409.837292
-69409.830796
-69409.824331
-69409.817900
-69409.811505
-69409.805149
-69409.798838
-69409.792574
-69409.786360
-69409.780197
-69409.774083
-69409.768013
-69409.761973
-69409.755941
-69409.749876
-69409.743713
-69409.737348
-69409.730614
-69409.723256
-69409.714870
-69409.704835
-69409.692186
-69409.675440
-69409.652324
-69409.619389
-69409.571480
-69409.501087
-69409.397760
-69409.248102
-69409.037614
-69408.756343
-69408.409419
-69408.027371
-69407.662171
-69407.361995
-69407.146021
-69407.004398
-69406.915501
-69406.859588
-69406.823060
-69406.797700
-69406.778840
-69406.763885
-69406.751392
-69406.740545
-69406.730866
-69406.722066
-69406.713959
-69406.706418
-69406.699355
-69406.692703
-69406.686410
-69406.680434
-69406.674742
-69406.669305
-69406.664098
-69406.659101
-69406.654296
-69406.649667
-69406.645200
-69406.640884
-69406.636707
-69406.632660
-69406.628735
-69406.624924
-69406.621220
-69406.617618
-69406.614111
-69406.610696
-69406.607367
-69406.604120
-69406.600952
-69406.597859
-69406.594838
-69406.591886
-69406.589000
-69406.586179
-69406.583419
-69406.580718
-69406.578075
-69406.575487
-69406.572952
-69406.570470
-69406.568038
-69406.565654
-69406.563317
-69406.561027
-69406.558780
-69406.556577
-69406.554416
-69406.552295
-69406.550214
-69406.548172
-69406.546166
-69406.544198
-69406.542264
-69406.540365
-69406.538500
-69406.536667
-69406.534865
-69406.533095
-69406.531355
-69406.529644
-69406.527961
-69406.526307
-69406.524679
-69406.523078
-69406.521502
-69406.519951
-69406.518425
-69406.516922
-69406.515443
-69406.513986
-69406.512551
-69406.511137
-69406.509745
-69406.508372
-69406.507020
-69406.505686
-69406.504372
-69406.503076
-69406.501797
-69406.500537
-69406.499293
-69406.498066
-69406.496855
-69406.495659
-69406.494479
-69406.493314
-69406.492164
-69406.491028
-69406.489906
-69406.488797
-69406.487702
-69406.486620
-69406.485550
-69406.484493
-69406.483447
-69406.482413
-69406.481391
-69406.480380
-69406.479380
